00000000000000000000000000000000000000000000000000000000000000000000000000000000
00000000000000000000000000000000000000000000000000000000000000000000000000000000
00000000000000000000000000000000000000000000000000000000000000000000000000000000
00000000000000000000000000000000000000000000000000000000000000000000000000000000
00000000000000000000000000000000000000000000000000000000000000000000000000000000
00000000000000000000000000000000000000000000000000000000000000000000000000000000
00000000000000001111110001111100010000001011111000000111110011111000000000000000
00000000000000011000000011000110011100111011000000001100011011000000000000000000
00000000000000011001111011111110011011011011111000001100011011110000000000000000
00000000000000011000111011000110011000011011000000001100011011000000000000000000
00000000000000001111100011000110011000011011111000000111110011000000000000000000
00000000000000000000000000000000000000000000000000000000000000000000000000000000
00000000000000000000000000000000000000000000000000000000000000000000000000000000
00000000000000000000000000001100001111101111101111100000000000000000000000000000
00000000000000000000000000001100000111001100001100000000000000000000000000000000
00000000000000000000000000001100000111001111001111100000000000000000000000000000
00000000000000000000000000001100000111001100001100000000000000000000000000000000
00000000000000000000000000001111101111101100001111100000000000000000000000000000
00000000000000000000000000000000000000000000000000000000000000000000000000000000
00000000000000000000000000000000000000000000000000000000000000000000000000000000
00000000000000000000000000000000000000000000000000000000000000000000000000000000
00000000000000000000000000000000000000000000000000000000000000000000000000000000
00000000000000000000000000000000000000000000000000000000000000000000000000000000
00000000000000000000000000000000000000000000000000000000000000000000000000000000
00000000000000000000000000000000000000000000000000000000000000000000000000000000