00000000000000000000000000010000000000000000000000000100000000000000000000000000
00000000000000000000000000101000000000000100000000001010000000000000000000000000
00000000000000000000000000010000000000011011000000000100000000000000000000000000
00000000000000000000000000000000000000000100000000000000000000000000000000000000
00000000000000001100000011000000000000000000000000000001100000011000000000000000
00000000000000100001001000010000000000000000000000000100001001000010000000000000
00000000000000100001001000010000000000000000000000000100001001000010000000000000
00000000000000100001001000010000000000000000000000000100001001000010000000000000
00000000000000001100000011000000000000000000000000000001100000011000000000000000
00000000000000000000000000000000000000000000000000000000000000000000000000000000
00000000000000001100000011000000000000000000000000000001100000011000000000000000
00000000000000100001001000010000000000000000000000000100001001000010000000000000
00000000000000100001001000010000000000000000000000000100001001000010000000000000
00000000000000100001001000010000000000000000000000000100001001000010000000000000
00000000000000001100000011000000000000000000000000000001100000011000000000000000
00000000000000000000000000000000000000000000000000000000000000000000000000000000
00000000000000001100000011000000000000000000000000000001100000011000000000000000
00000000000000100001001000010000000000000000000000000100001001000010000000000000
00000000000000100001001000010000000000000000000000000100001001000010000000000000
00000000000000100001001000010000000000000000000000000100001001000010000000000000
00000000000000001100000011000000000000000000000000000001100000011000000000000000
00000000000000000000000000010000000000000000000000000100000000000000000000000000
00000000000000000000000000101000000000000100000000001010000000000000000000000000
00000000000000000000000000010000000000011011000000000100000000000000000000000000
00000000000000000000000000000000000000000100000000000000000000000000000000000000